2 3 8 10 15 18 19 20 23 26
4 8 10 12 13 14 17 19 21 23
2 3 8 10 16 18 19 20 23 26
1 5 9 10 12 13 14 17 19 24
4 8 10 17 18 19 20 21 23 26
3 8 10 15 18 19 20 21 23 26
2 5 8 10 12 15 19 20 23 26
2 5 8 10 17 18 19 20 23 26
1 5 9 10 13 14 17 18 19 24
2 3 8 10 12 17 19 20 23 26
5 8 10 12 17 19 20 21 23 26
2 4 9 10 13 14 16 18 19 24
2 5 8 10 17 18 19 20 23 26
1 5 9 10 13 14 17 18 19 23
5 8 10 12 17 19 20 21 23 26
2 3 8 10 12 13 17 19 20 24
1 4 8 10 13 14 15 18 19 23
2 5 8 10 12 15 19 20 23 26
1 3 8 10 13 14 17 18 19 23
2 3 8 10 13 14 17 18 19 22
5 8 10 12 17 19 20 23 25 26
2 4 8 10 13 17 18 19 20 23
2 5 8 10 12 15 19 20 23 26
2 3 9 10 13 14 17 18 19 22
5 8 10 17 18 19 20 21 23 26
5 8 10 15 18 19 20 21 23 26
1 3 9 10 13 17 18 19 20 22
2 3 8 10 17 18 19 20 23 26
2 3 8 10 12 17 19 20 23 26
2 4 8 10 17 18 19 20 23 26
3 8 10 13 14 17 18 19 21 23
4 8 10 17 18 19 20 21 23 26
1 5 8 10 13 14 17 18 19 24
1 4 8 10 13 14 17 18 19 24
2 4 8 10 12 17 19 20 23 26
2 3 8 10 17 18 19 20 23 26
1 3 7 9 11 13 14 16 18 24
2 3 8 10 12 17 19 20 23 26
2 4 8 11 12 17 19 20 23 26
1 5 9 10 12 13 17 19 20 23
2 5 8 10 12 17 19 20 23 26
3 9 10 12 13 14 16 19 21 23
2 3 8 10 15 18 19 20 23 26
3 8 10 15 18 19 20 21 23 26
1 4 9 10 13 14 17 18 19 23
3 9 10 13 17 18 19 20 21 23
1 5 8 10 15 18 19 20 23 26
2 5 8 10 15 18 19 20 23 26
3 8 10 13 15 18 19 20 21 23
1 3 8 10 13 14 15 18 19 23
1 5 9 10 13 14 17 18 19 24
1 5 9 10 12 13 14 16 19 24
2 5 8 11 17 18 19 20 23 26
2 3 8 10 12 17 19 20 23 26
1 4 9 10 12 13 17 19 20 24
2 4 8 10 12 15 19 20 23 26
1 3 9 10 13 14 17 18 19 24
5 8 10 13 14 17 18 19 21 23
1 3 8 10 17 18 19 20 23 26
1 3 9 10 13 14 16 18 19 23
2 3 8 10 15 18 19 20 23 26
3 8 10 12 15 19 20 21 23 26
1 5 8 10 17 18 19 20 23 26
1 3 9 10 13 14 17 18 19 23
2 5 8 10 12 17 19 20 23 26
2 3 8 10 12 17 19 20 23 26
1 3 8 10 12 17 19 20 23 26
2 5 8 10 15 18 19 20 23 26
1 3 9 10 13 14 16 18 19 22
1 3 8 10 15 18 19 20 23 26
2 3 9 10 13 14 17 18 19 23
2 5 8 10 17 18 19 20 23 26
1 4 8 10 13 14 17 18 19 23
1 5 8 10 12 17 19 20 23 26
1 3 9 10 13 14 17 18 19 24
4 8 10 17 18 19 20 21 23 26
1 3 8 10 13 14 17 18 19 23
1 4 8 10 12 17 19 20 23 26
2 4 9 10 17 18 19 20 23 26
1 5 8 10 13 14 15 18 19 23
3 8 10 17 18 19 20 21 23 26
2 5 8 10 17 18 19 20 23 26
1 5 7 8 10 13 14 17 18 23
2 4 8 10 15 18 19 20 23 26
1 5 9 11 13 14 17 18 19 23
1 4 7 9 10 13 14 16 18 23
1 3 7 9 11 13 14 17 18 24
2 5 9 10 12 13 17 19 20 24
3 8 10 13 14 17 18 19 23 25
1 5 9 10 13 17 18 19 20 23
2 5 8 10 12 17 19 20 23 26
1 3 8 10 17 18 19 20 23 26
2 5 8 10 12 17 19 20 23 26
1 3 9 10 13 14 16 18 19 24
4 8 10 12 15 19 20 21 23 26
1 3 9 10 13 14 17 18 19 24
2 5 8 10 17 18 19 20 23 26
4 8 11 17 18 19 20 21 23 26
1 4 8 10 17 18 19 20 23 26
2 3 8 10 17 18 19 20 23 26
1 3 7 9 10 13 14 17 18 23
1 4 8 10 16 18 19 20 23 26
1 3 8 10 12 13 14 17 19 24
1 3 9 11 13 14 17 18 19 23
1 4 8 10 13 14 17 18 19 23
2 3 8 11 17 18 19 20 23 26
1 3 8 10 12 17 19 20 23 26
2 5 8 10 15 18 19 20 23 26
1 4 8 10 17 18 19 20 23 26
2 3 8 10 17 18 19 20 23 26
2 4 8 10 12 13 17 19 20 23
1 3 9 10 13 14 16 18 19 22
1 3 9 11 17 18 19 20 23 26
2 3 8 10 17 18 19 20 23 26
5 8 10 12 17 19 20 21 23 26
1 3 9 10 12 13 14 17 19 23
1 3 8 10 13 14 15 18 19 23
1 3 9 11 12 13 14 17 19 24
4 8 10 12 15 19 20 23 25 26
4 8 10 13 14 15 18 19 23 25
3 8 11 12 13 14 15 19 21 23
3 8 10 12 17 19 20 21 23 26
1 5 8 10 17 18 19 20 23 26
2 3 9 10 12 13 14 17 19 23
2 5 8 10 17 18 19 20 23 26
2 3 8 10 17 18 19 20 23 26
2 4 8 10 12 15 19 20 23 26
1 4 8 10 12 15 19 20 24 26
2 5 8 11 12 17 19 20 23 26
5 9 10 13 17 18 19 20 21 24
3 8 10 17 18 19 20 21 23 26
1 5 9 10 13 14 17 18 19 23
1 3 9 10 13 14 17 18 19 24
1 5 9 10 13 14 17 18 19 24
1 3 7 9 10 12 13 17 20 23
3 8 10 13 14 15 18 19 21 23
2 5 8 10 12 15 19 20 23 26
2 3 8 10 17 18 19 20 24 26
1 4 9 10 13 14 17 18 19 23
1 3 9 10 13 14 17 18 19 24
1 3 9 10 13 14 16 18 19 22
1 3 9 10 13 14 17 18 19 22
1 3 9 10 13 14 17 18 19 22
1 3 8 10 17 18 19 20 23 26
2 3 8 10 12 13 14 17 19 23
1 3 8 10 17 18 19 20 23 26
2 4 8 10 17 18 19 20 23 26
2 3 8 10 12 15 19 20 23 26
2 4 8 10 17 18 19 20 23 26
1 3 9 11 13 14 17 18 19 23
2 5 8 10 17 18 19 20 23 26
2 4 8 10 16 18 19 20 23 26
2 3 8 10 17 18 19 20 23 26
1 3 8 10 17 18 19 20 23 26
2 3 8 10 17 18 19 20 23 26
1 3 9 11 13 14 17 18 19 22
1 4 9 10 13 14 17 18 19 23
1 4 8 10 17 18 19 20 23 26
1 3 9 10 13 14 16 18 19 24
2 4 8 10 17 18 19 20 23 26
1 3 9 11 13 14 17 18 19 23
1 5 9 10 13 14 16 18 19 23
2 3 8 10 15 18 19 20 23 26
2 5 8 10 12 17 19 20 23 26
2 4 8 10 17 18 19 20 23 26
2 5 8 10 12 17 19 20 23 26
3 8 11 13 14 15 18 19 24 25
1 5 9 10 13 14 17 18 19 22
2 5 8 10 17 18 19 20 23 26
1 5 8 10 16 18 19 20 23 26
4 8 10 17 18 19 20 21 23 26
2 3 8 10 17 18 20 23 26 27
5 8 10 15 18 19 20 21 23 26
2 3 8 10 15 18 19 20 23 26
4 8 10 15 18 19 20 21 23 26
1 3 9 10 13 14 17 18 19 24
1 3 9 10 13 14 17 18 19 24
1 5 8 10 13 14 17 18 19 24
2 3 8 10 17 18 19 20 23 26
4 8 10 17 18 19 20 21 23 26
1 5 8 10 12 16 19 20 23 26
1 5 9 10 13 14 17 18 19 24
2 5 8 10 17 18 19 20 23 26
1 3 9 10 13 14 17 18 19 24
1 5 9 10 13 17 18 19 20 23
2 3 8 10 12 17 19 20 23 26
5 8 11 13 14 16 18 19 21 23
2 3 8 10 17 18 19 20 23 26
1 5 9 11 13 14 17 18 19 23
1 3 9 10 12 13 17 19 20 23
1 3 9 10 13 14 17 18 19 24
1 3 8 10 17 18 19 20 23 26
2 5 8 10 17 18 19 20 23 26
2 3 8 10 17 18 19 20 23 26
4 8 10 17 18 19 20 21 23 26
2 4 8 10 12 15 19 20 23 26
4 7 8 10 12 17 20 23 25 26
1 3 8 10 13 17 18 19 20 23
2 3 8 10 17 18 19 20 23 26
1 3 9 10 13 14 17 18 19 23
3 8 10 12 13 16 19 20 23 25
3 8 10 17 18 19 20 23 25 26
5 8 10 17 18 19 20 21 23 26
4 8 10 17 18 19 20 21 23 26
2 5 8 10 12 17 19 20 23 26
2 4 8 10 16 18 19 20 23 26
1 5 9 10 17 18 19 20 23 26
2 3 8 10 15 18 19 20 23 26
2 3 8 10 13 14 17 18 19 23
2 4 8 10 15 18 20 23 26 27
1 5 8 10 13 14 17 18 19 23
1 3 8 11 13 14 17 18 19 23
3 9 10 12 13 14 17 19 21 23
3 9 10 17 18 19 20 21 23 26
5 8 10 12 15 19 20 21 23 26
1 5 9 10 13 14 16 18 19 24
5 8 10 12 15 20 23 25 26 27
1 3 8 10 13 14 17 18 19 23
5 8 10 17 18 19 20 21 23 26
2 4 8 10 17 18 19 20 23 26
2 3 8 10 15 18 20 23 26 27
1 5 8 10 13 14 17 18 19 23
1 3 9 10 12 13 14 17 19 23
4 8 10 12 17 19 20 21 23 26
3 8 10 15 18 19 20 21 23 26
2 3 8 11 17 18 19 20 23 26
1 3 8 10 13 14 17 18 19 23
4 8 10 17 18 19 20 21 23 26
1 4 9 10 13 14 17 18 19 22
2 3 8 10 15 18 19 20 23 26
1 4 8 10 12 15 19 20 23 26
1 3 8 10 17 18 19 20 23 26
3 8 10 15 18 19 20 21 23 26
2 3 8 10 12 17 19 20 23 26
1 3 8 10 17 18 19 20 23 26
2 3 8 10 12 17 19 20 23 26
2 4 9 10 13 17 18 19 20 23
1 3 9 10 13 14 17 18 19 22
3 8 10 13 14 17 18 19 23 25
1 3 9 10 13 14 16 18 19 24
1 4 9 10 13 14 17 18 19 22
2 3 8 10 17 18 19 20 23 26
1 4 9 10 13 14 17 18 19 24
2 3 9 11 13 14 17 18 19 24
2 3 8 10 12 17 19 20 23 26
1 3 9 10 13 14 17 18 19 23
4 8 10 17 18 19 20 24 25 26
5 9 10 13 14 17 18 19 21 24
1 3 6 9 11 14 17 18 19 24
1 5 9 10 13 14 17 18 19 23
1 3 9 10 13 14 17 18 19 23
1 3 8 10 13 14 17 18 19 23
1 3 8 10 13 14 17 18 19 24
1 3 7 9 10 17 18 20 23 26
2 3 7 8 10 17 18 20 23 26
1 3 9 10 13 14 16 18 19 24
3 8 10 12 17 19 20 21 23 26
2 3 8 10 12 17 19 20 23 26
4 8 10 15 18 19 20 21 23 26
4 8 10 12 17 19 20 21 23 26
2 3 8 10 12 17 19 20 23 26
2 3 9 10 15 18 19 20 23 26
2 5 8 10 12 17 19 20 23 26
1 5 9 10 13 14 17 18 19 23
1 4 8 10 13 14 17 18 19 23
4 9 10 13 14 17 18 19 21 23
2 3 8 10 15 18 19 20 23 26
1 3 9 10 13 14 17 18 19 23
2 5 8 10 17 18 19 20 23 26
1 3 9 10 13 14 16 18 19 23
5 8 10 12 13 17 19 20 21 24
1 5 8 10 17 18 19 20 23 26
2 4 8 10 12 15 19 20 23 26
1 5 9 10 13 14 17 18 19 22
5 8 10 17 18 19 20 21 23 26
2 3 8 10 12 15 19 20 23 26
5 8 10 16 18 19 20 21 23 26
4 8 10 13 14 17 18 19 21 24
1 5 9 10 13 14 17 18 19 24
1 3 9 10 12 13 17 19 20 23
2 3 8 10 12 17 19 20 23 26
3 8 10 17 18 19 20 21 23 26
1 5 8 10 13 14 17 18 19 24
5 9 10 12 17 19 20 21 24 26
2 3 8 10 12 17 19 20 23 26
1 3 8 10 15 18 19 20 23 26
4 8 10 12 17 19 20 21 23 26
1 4 8 10 17 18 19 20 23 26
2 4 8 10 17 18 19 20 23 26
2 3 8 10 12 17 19 20 24 26
2 4 8 10 15 18 19 20 23 26
5 8 10 17 18 19 20 21 23 26
2 3 8 10 12 17 19 20 23 26
1 4 8 10 17 18 19 20 23 26
1 4 7 9 10 13 14 16 18 23
4 8 11 14 17 18 19 23 25 26
1 4 7 9 11 14 17 18 24 26
1 4 9 11 13 14 17 18 19 23
1 4 9 11 14 17 18 19 24 26
1 4 8 11 13 14 16 18 19 23
1 4 8 11 14 17 18 19 22 26
1 4 8 11 13 14 17 18 19 23
2 4 8 10 17 18 19 20 23 26
1 4 8 11 14 17 18 19 24 26
1 4 6 7 9 11 12 14 17 24
1 4 8 11 13 14 17 18 19 22
1 4 9 11 12 14 17 19 24 26
1 4 8 11 13 14 17 18 19 23
2 4 6 8 10 17 18 19 20 23
1 4 8 11 14 17 18 19 23 26
1 4 6 8 11 14 15 18 19 23
1 4 7 8 10 17 18 20 23 26
1 4 8 11 14 17 18 19 23 26
1 4 8 11 14 15 18 19 24 26
1 4 8 11 14 17 18 19 23 26
1 4 6 9 10 17 18 19 20 24
2 4 7 8 11 14 17 18 24 26
4 8 11 13 14 17 18 19 21 23
1 4 9 11 14 17 18 19 24 26
1 4 7 8 11 13 14 16 18 22
1 4 7 8 11 14 17 18 24 26
4 8 11 13 14 15 18 19 21 22
1 4 7 8 11 13 14 17 18 23
1 4 8 11 12 14 15 19 22 26
1 4 6 7 9 11 14 17 18 22
1 4 8 11 13 14 17 18 19 23
1 4 6 9 11 14 17 18 19 23
4 8 10 17 18 19 20 21 23 26
1 4 9 11 14 17 18 19 23 26
1 4 9 11 13 14 16 18 19 23
1 4 6 9 11 14 17 18 19 24
4 8 11 14 17 18 19 21 22 26
1 4 8 11 14 16 18 19 23 26
4 8 10 15 18 19 20 21 23 26
1 4 8 11 14 17 18 19 23 26
1 4 8 11 14 15 18 19 23 26
4 7 8 11 13 14 17 18 23 25
4 7 8 10 13 17 18 20 21 24
1 4 7 8 11 14 17 18 22 26
1 4 7 8 11 14 17 18 24 26
1 4 6 7 8 11 12 14 17 24
1 4 6 8 11 14 17 18 19 24
1 4 6 7 9 11 14 17 18 24
1 4 7 8 11 13 14 17 18 24
1 4 8 11 13 14 17 18 19 23
1 4 8 11 13 14 17 18 19 23
1 4 7 8 10 13 14 17 18 23
1 4 8 10 13 14 17 18 19 23
1 4 8 11 13 14 17 18 19 23
1 4 7 9 10 13 14 17 18 24
1 4 9 11 13 14 17 18 19 23
1 4 8 11 13 14 17 18 19 23
1 4 9 10 14 17 18 19 23 26
1 4 6 9 10 14 16 18 19 23
1 4 9 10 13 14 16 18 19 23
1 4 8 10 14 16 18 19 23 26
4 7 8 10 13 14 17 18 23 25
1 4 9 10 13 14 17 18 19 24
2 4 8 10 13 14 16 18 19 23
4 9 10 13 14 17 18 19 21 23
4 8 10 13 14 17 18 19 21 23
4 7 9 10 13 14 16 18 21 23
1 4 9 10 13 14 17 18 19 23
4 8 10 13 14 16 18 19 21 23
1 4 8 10 13 14 17 18 19 23
4 8 10 13 16 18 19 20 21 23
1 4 7 9 10 12 13 14 17 23
1 4 7 9 10 13 14 17 18 24
1 4 7 9 10 14 17 18 23 26
1 4 9 10 13 14 17 18 19 24
1 4 7 9 10 13 14 16 18 24
1 4 9 10 14 16 18 19 23 26
1 4 7 9 10 13 14 17 18 24
1 4 7 9 10 14 16 18 23 26
1 4 9 10 13 14 17 18 19 23
1 4 6 7 9 10 14 17 18 23
4 7 8 10 12 14 17 21 23 26
4 9 10 13 14 17 18 19 21 23
1 4 7 8 11 13 14 17 18 24
1 4 7 9 11 13 14 17 18 24
1 4 9 10 14 17 18 19 23 26
1 4 9 10 13 14 16 18 19 23
1 4 9 10 13 14 17 18 19 23
1 4 9 10 13 14 17 18 19 24
1 4 8 10 12 13 14 17 19 23
1 4 8 10 13 14 17 18 19 23
1 4 7 9 10 13 14 17 18 23
1 4 9 10 13 14 16 18 19 23
1 4 9 10 13 14 17 18 19 23
1 4 8 10 13 14 16 18 19 23
1 4 7 8 11 13 14 17 18 23
1 4 8 10 13 14 16 18 19 23
1 4 7 9 10 13 14 16 18 23
1 4 7 8 10 13 14 17 18 23
1 4 9 11 13 14 17 18 19 23
1 4 9 11 13 14 16 18 19 24
1 4 8 11 13 14 17 18 19 23
4 7 8 11 12 13 14 17 23 25
1 4 9 11 13 14 17 18 19 23
1 4 9 11 14 17 18 19 23 26
4 7 8 11 13 14 16 18 21 23
1 4 8 11 12 13 14 17 19 23
1 4 8 11 13 14 15 18 19 23
1 4 7 8 11 13 14 16 18 23
1 4 9 11 13 14 17 18 19 24
4 9 11 13 14 17 18 19 21 23
1 4 9 11 13 14 17 18 19 24
1 4 9 11 13 14 16 18 19 23
1 4 7 9 11 13 14 16 18 23
1 4 8 11 13 14 16 18 19 23
4 9 11 13 14 17 18 19 21 23
1 4 7 8 11 13 14 16 18 24
1 4 8 11 13 14 17 18 19 24
1 4 9 11 13 14 17 18 19 23
4 8 11 13 14 16 18 19 21 23
1 4 9 11 13 14 17 18 19 22
1 4 7 8 11 12 13 14 16 23
1 3 7 9 10 13 14 17 18 22
1 5 8 10 17 18 19 20 23 26
1 5 6 9 10 14 17 18 19 24
1 5 9 10 14 17 18 19 22 26
5 7 9 11 13 16 18 20 21 24
4 7 8 10 17 18 20 21 23 26
1 5 7 9 11 13 14 17 18 23
4 9 10 13 17 18 19 20 21 24
4 9 11 14 17 18 19 21 24 26
2 3 8 11 13 14 17 18 19 23
2 4 8 10 17 18 19 20 23 26
1 4 9 10 13 14 17 18 19 23
1 4 7 9 10 13 14 17 18 23
4 7 9 10 13 14 17 18 21 23
1 4 9 11 13 14 17 18 19 23
1 5 7 8 10 16 18 20 23 26
1 4 6 7 9 10 14 16 18 22
1 5 9 10 13 14 17 18 19 24
1 4 6 7 8 10 17 18 20 24
1 4 9 10 17 18 19 20 23 26
1 4 8 10 14 17 18 19 23 26
1 4 7 8 11 13 14 17 18 24
4 7 9 10 13 14 17 18 21 23
4 7 8 10 17 18 20 21 23 26
4 8 10 14 15 18 19 21 22 26
1 4 7 8 11 13 14 17 18 23
1 4 9 11 13 14 17 18 19 24
1 4 9 11 13 14 17 18 19 23
1 4 9 10 13 14 17 18 19 24
5 9 10 13 14 17 18 19 21 24
1 4 9 10 13 14 17 18 19 24
1 4 7 9 10 14 17 18 24 26
1 5 7 9 11 13 14 17 18 23
4 8 10 13 14 17 18 19 21 24
4 6 9 10 14 17 18 19 21 24
1 4 7 9 10 13 14 17 18 23
1 3 9 10 13 14 17 18 19 24
1 4 9 10 17 18 19 20 24 26
1 5 9 11 13 14 17 18 19 24
1 4 9 10 17 18 19 20 24 26
4 7 9 10 13 14 16 18 21 23
1 4 8 11 13 14 15 18 19 23
1 4 7 8 11 13 14 16 18 24
1 4 8 10 17 18 19 20 23 26
1 3 9 11 13 14 17 18 19 24
1 4 7 9 10 13 14 16 18 23
1 5 6 9 10 14 17 18 19 24
1 4 8 10 17 18 19 20 23 26
4 6 9 10 14 17 18 19 21 24
5 8 10 17 18 19 20 21 23 26
4 9 10 13 14 17 18 19 21 22
2 4 7 8 10 12 17 20 23 26
1 4 7 9 10 14 16 18 24 26
2 5 8 11 13 15 18 19 20 24
1 4 8 10 13 14 17 18 19 23
1 4 7 9 10 13 14 17 18 22
1 4 9 11 13 14 17 18 19 24
3 9 11 13 14 17 18 19 21 24
2 4 7 8 10 17 18 20 23 26
1 4 9 11 13 14 17 18 19 23
1 5 8 11 17 18 19 20 23 26
1 4 6 7 9 11 14 17 18 24
1 3 9 11 13 14 17 18 19 24
4 9 10 13 14 17 18 19 21 22
2 4 9 11 13 14 17 18 19 24
4 6 7 8 11 14 17 18 21 22
3 7 8 11 14 17 18 22 25 26
1 4 6 9 10 14 17 18 19 24
1 4 7 9 10 13 14 17 18 24
2 5 7 9 11 13 14 17 18 24
2 5 8 11 15 18 19 20 23 26
1 5 9 10 13 14 17 18 19 24
3 7 8 10 17 18 20 23 25 26
1 5 9 10 13 14 17 18 19 22
5 7 9 10 13 14 17 18 21 23
1 5 7 8 11 13 14 17 18 23
4 8 10 13 14 17 18 19 22 25
3 9 10 13 14 17 18 19 21 24
1 5 9 10 13 14 17 18 19 22
1 3 7 9 10 12 13 14 17 23
1 3 6 8 11 16 18 19 20 23
1 3 6 7 9 10 14 17 18 22
1 3 7 9 11 13 14 17 18 23
1 3 7 9 10 13 14 17 18 23
1 3 6 7 9 10 14 17 18 22
1 3 7 9 10 13 14 17 18 24
1 5 7 9 10 13 14 17 18 24
1 5 8 11 17 18 19 20 23 26
1 5 6 7 9 11 14 17 18 22
3 9 11 13 14 17 18 19 21 24
1 5 7 9 10 13 14 17 18 22
5 9 10 16 18 19 20 21 23 26
1 4 6 7 8 11 14 17 18 24
1 4 8 10 13 14 17 18 19 23
1 4 8 10 17 18 19 20 23 26
1 3 7 9 11 13 14 16 18 24
4 8 10 17 18 19 20 21 23 26
3 7 9 10 13 14 17 18 24 25
1 4 8 10 14 17 18 19 23 26
4 7 8 11 13 17 18 20 21 22
4 6 7 8 11 14 17 18 21 23
1 5 7 9 10 13 14 17 18 24
4 6 9 11 14 17 18 19 21 23
1 3 7 9 10 14 17 18 23 26
1 5 7 8 10 13 17 18 20 23
1 3 6 7 9 10 14 17 18 22
1 3 9 10 14 17 18 19 23 26
1 4 9 10 13 14 17 18 19 23
1 4 8 10 17 18 19 20 23 26
5 8 10 17 18 19 20 21 23 26
1 3 7 9 10 13 14 17 18 24
2 3 7 8 10 17 18 20 23 26
4 9 10 13 14 17 18 19 21 24
1 5 7 9 10 13 14 17 18 24
1 5 9 10 13 14 17 18 19 24
1 3 7 9 11 13 14 17 18 24
1 4 8 11 13 14 17 18 19 23
1 3 7 9 10 13 14 17 18 24
1 5 6 9 10 14 17 18 19 22
1 4 9 10 13 14 17 18 19 23
4 7 9 11 13 14 17 18 21 24
1 3 6 7 9 11 14 17 18 22
1 5 9 11 13 14 17 18 19 24
1 4 8 10 16 18 19 20 23 26
5 7 9 10 13 14 17 18 21 24
4 6 7 8 10 14 17 18 21 22
1 3 9 10 12 13 14 17 19 24
1 4 6 7 9 10 14 17 18 22
2 3 7 9 11 12 17 20 23 26
1 3 8 10 17 18 19 20 23 26
5 8 11 13 14 15 18 19 21 23
4 6 7 8 11 14 16 18 24 25
1 3 7 8 10 14 17 18 24 26
4 7 8 11 17 18 20 23 25 26
1 3 8 10 13 14 16 18 19 24
5 7 8 10 16 18 20 21 23 26
5 7 9 10 13 14 17 18 21 24
5 7 9 11 13 14 17 18 24 25
4 8 11 17 18 19 20 21 23 26
5 9 10 13 14 17 18 19 21 23
1 3 6 7 9 11 17 18 20 24
5 9 11 13 14 17 18 19 21 24
5 9 10 13 14 17 18 19 21 24
1 3 6 7 9 10 14 17 18 22
5 8 10 17 18 19 20 21 23 26
2 4 8 10 17 18 19 20 23 26
1 3 9 10 13 17 18 19 20 24
1 5 9 11 13 14 17 18 19 24
1 3 9 11 13 14 17 18 19 24
1 3 7 9 10 13 14 17 18 24
1 4 9 10 13 17 18 19 20 24
1 5 7 9 10 13 14 17 18 23
1 3 6 9 10 14 17 18 19 24
1 5 9 10 13 14 17 18 19 22
1 5 6 9 10 14 17 18 19 24
1 4 7 9 11 13 14 17 18 24
1 4 7 9 10 13 14 17 18 23
1 4 7 8 11 13 14 17 18 24
1 5 7 9 11 13 14 17 18 24
1 3 9 11 13 14 17 18 19 24
1 4 7 9 10 13 14 17 18 22
1 3 7 9 10 13 14 17 18 24
1 4 6 9 10 14 17 18 19 22
1 3 7 9 11 13 14 17 18 24
1 4 9 11 13 14 17 18 19 23
1 5 9 10 14 17 18 19 24 26
1 5 7 9 11 13 14 16 18 23
3 7 8 10 17 18 20 21 23 26
1 3 7 9 11 13 14 17 18 24
2 3 8 11 13 14 17 18 19 23
1 3 9 10 13 14 17 18 19 24
5 8 10 13 15 18 19 20 21 23
1 5 7 9 10 13 14 17 18 24
5 7 8 11 13 14 16 18 21 23
2 4 7 8 10 17 18 20 23 26
1 5 8 10 17 18 19 20 23 26
1 3 6 7 9 11 14 17 18 24
1 3 7 8 11 13 14 17 18 23
1 3 9 11 14 17 18 19 23 26
1 4 9 11 13 14 17 18 19 23
1 3 8 10 13 14 16 18 19 23
4 8 10 17 18 19 20 21 23 26
1 5 6 9 10 14 17 18 19 24
1 5 8 11 13 14 16 18 19 24
1 5 9 10 13 16 18 19 20 23
3 7 9 10 13 14 17 18 21 24
3 7 9 10 13 14 16 18 21 23
5 9 10 13 14 17 18 19 21 23
1 3 6 7 9 10 14 17 18 24
3 7 9 11 17 18 20 21 23 26
1 3 8 11 12 16 19 20 23 26
1 3 7 9 11 13 14 17 18 22
1 3 9 11 13 14 17 18 19 24
1 4 7 9 10 13 14 17 18 23
1 3 8 10 13 14 17 18 19 23
1 3 8 11 12 13 14 17 19 23
4 7 8 10 17 18 20 23 25 26
1 5 8 11 13 14 16 18 19 23
1 3 8 11 17 18 19 20 23 26
2 3 7 9 10 13 14 16 18 23
1 3 7 8 10 13 14 17 18 22
3 7 8 10 12 13 17 20 21 24
2 3 8 10 14 17 18 19 23 26
1 3 7 9 10 13 17 18 20 23
2 3 7 9 10 12 17 20 23 26
1 4 7 8 10 17 18 20 23 26
3 9 11 13 14 17 18 19 21 23
1 5 9 10 13 14 17 18 19 24
1 3 8 10 13 14 15 18 19 24
1 3 7 8 10 12 13 14 17 22
1 5 8 10 13 15 18 19 20 23
1 5 9 10 17 18 19 20 23 26
5 8 10 15 18 19 20 21 23 26
5 7 8 10 13 14 17 18 22 25
1 3 8 10 12 17 19 20 23 26
1 4 7 8 10 12 13 17 20 24
1 3 9 10 13 14 17 18 19 24
1 5 6 9 11 14 17 18 19 22
5 7 9 10 13 17 18 20 24 25
4 9 10 15 18 19 20 24 25 26
1 5 7 9 10 13 14 17 18 22
2 3 8 10 13 15 18 19 20 23
1 3 8 10 13 15 18 19 20 24
1 5 8 10 17 18 19 20 23 26
2 3 9 11 12 17 19 20 23 26
3 8 10 12 17 19 20 21 23 26
1 3 9 10 12 13 17 19 20 23
3 8 10 12 17 19 20 21 23 26
5 8 10 13 14 15 18 19 21 22
3 7 8 11 12 17 20 21 23 26
5 8 10 13 14 17 18 19 21 23
1 5 7 8 10 17 18 20 22 26
5 8 10 12 15 19 20 21 23 26
1 3 6 9 10 14 17 18 19 22
1 4 9 10 13 14 17 18 19 23
1 3 9 11 14 17 18 19 23 26
1 5 7 9 10 14 17 18 24 26
3 8 10 14 17 18 19 23 25 26
4 8 10 17 18 19 20 21 23 26
1 5 8 10 15 18 19 20 23 26
1 5 8 10 14 15 18 19 23 26
1 5 7 8 10 12 15 20 23 26
5 9 10 15 18 19 20 21 23 26
2 4 8 11 17 18 19 20 23 26
5 8 11 13 14 17 18 19 21 22
5 8 11 15 18 19 20 21 23 26
4 8 10 14 17 18 19 21 23 26
1 4 8 10 14 15 18 19 23 26
2 3 7 9 10 13 14 17 18 23
1 5 7 8 10 12 13 14 17 23
1 3 9 10 13 14 17 18 19 24
2 5 8 11 15 18 19 20 23 26
3 7 8 11 12 17 20 21 23 26
2 4 7 8 10 12 15 20 23 26
2 5 8 10 12 13 15 19 20 23
2 4 8 10 12 15 19 20 23 26
1 4 7 9 10 13 14 17 18 22
4 8 11 12 16 19 20 21 23 26
1 3 9 10 12 13 14 17 19 23
2 3 7 8 10 13 14 17 18 24
4 8 11 15 18 19 20 21 23 26
1 3 9 10 12 13 14 17 19 24
5 8 10 15 18 19 20 21 23 26
5 8 10 12 15 19 20 23 25 26
5 6 7 8 11 17 18 20 22 25
1 3 9 10 13 14 17 18 19 23
1 3 9 10 15 18 19 20 23 26
2 3 8 11 12 14 17 19 23 26
3 8 10 12 13 17 19 20 21 23
3 8 10 14 17 18 19 21 23 26
1 3 7 9 10 13 14 17 18 22
1 3 9 10 12 15 19 20 23 26
2 3 7 8 10 17 18 20 23 26
4 7 8 10 12 13 17 20 21 24
1 5 7 8 10 12 17 20 23 26
1 3 9 10 13 14 17 18 19 23
1 5 9 10 13 17 18 19 20 22
4 8 10 12 15 19 20 21 23 26
5 8 10 12 13 15 19 20 21 23
2 5 8 10 15 18 19 20 23 26
1 5 8 10 13 14 17 18 19 24
1 4 9 10 13 14 17 18 19 24
1 3 9 10 14 17 18 19 23 26
5 8 10 13 15 18 19 20 21 24
1 5 9 10 13 17 18 19 20 24
3 8 10 15 18 19 20 23 25 26
2 5 7 8 11 17 18 20 23 26
3 6 8 10 17 18 19 20 22 25
2 3 8 10 12 15 19 20 23 26
1 3 8 10 13 14 17 18 19 22
2 5 9 10 15 18 19 20 23 26
1 3 7 8 10 12 14 15 23 26
1 3 9 10 13 14 17 18 19 22
1 5 9 10 13 14 17 18 19 23
1 5 8 10 14 15 18 19 23 26
1 3 9 10 13 14 17 18 19 23
1 3 7 8 10 13 17 18 20 23
1 5 8 10 14 17 18 19 23 26
3 7 8 10 12 17 20 21 23 26
2 3 8 10 12 15 19 20 24 26
4 8 10 12 13 15 19 20 21 23
1 5 7 8 10 13 14 16 18 23
1 3 8 10 12 15 19 20 23 26
1 3 8 11 13 14 17 18 19 23
1 3 7 8 10 13 14 17 18 24
1 3 8 10 13 14 15 18 19 23
5 9 10 13 17 18 19 20 21 24
1 3 8 10 12 13 14 17 19 22
1 4 9 10 14 15 18 19 23 26
2 4 8 10 12 13 17 19 20 23
1 3 9 10 12 13 14 17 19 22
2 5 8 10 17 18 19 20 23 26
1 3 8 10 12 14 15 19 23 26
3 8 11 12 15 19 20 21 23 26
2 3 8 10 15 18 19 20 23 26
2 3 8 10 12 13 15 19 20 23
1 3 8 10 14 17 18 19 23 26
1 3 6 9 11 12 14 17 19 22
5 6 7 8 10 12 17 20 22 25
1 3 6 9 11 14 17 18 19 24
4 8 10 13 14 17 18 19 21 24
1 3 9 10 13 14 17 18 19 22
1 3 9 10 13 14 16 18 19 24
3 7 8 10 12 17 20 21 23 26
3 6 8 10 17 18 19 20 21 23
5 8 10 12 15 19 20 21 23 26
1 3 7 9 10 13 14 16 18 24
4 8 10 12 13 15 19 20 21 23
2 5 8 10 17 18 19 20 23 26
1 5 9 11 14 17 18 19 24 26
1 3 7 9 10 12 13 14 15 24
1 5 7 9 10 14 17 18 23 26
1 5 8 10 15 18 19 20 23 26
1 3 6 7 9 10 14 16 18 22
5 8 10 15 18 19 20 21 24 26
4 6 9 10 12 17 19 20 21 24
3 7 8 10 12 15 20 21 23 26
1 3 9 11 13 14 17 18 19 24
2 5 8 10 12 15 19 20 23 26
1 5 9 10 15 18 19 20 23 26
1 5 7 8 10 13 14 17 18 24
1 3 8 10 15 18 19 20 23 26
5 8 10 13 14 15 18 19 21 23
5 9 10 17 18 19 20 24 25 26
2 3 8 10 14 15 18 19 23 26
1 3 9 10 13 14 16 18 19 24
1 5 8 10 14 17 18 19 23 26
1 4 9 10 13 14 17 18 19 24
5 8 10 14 15 18 19 21 22 26
3 9 10 12 15 19 20 21 23 26
3 8 10 15 18 19 20 21 23 26
5 8 10 12 13 17 19 20 21 24
3 8 10 12 15 19 20 21 23 26
1 3 7 8 10 12 13 17 20 24
3 8 10 12 17 19 20 21 23 26
2 5 8 10 12 15 19 20 23 26
1 5 6 9 10 14 17 18 19 22
2 3 8 10 15 18 19 20 23 26
4 8 10 13 15 18 19 20 24 25
1 5 7 9 11 12 13 14 15 23
5 9 10 13 14 15 18 19 22 25
1 3 7 9 10 12 13 14 17 24
2 3 8 10 17 18 19 20 23 26
1 3 9 10 13 14 17 18 19 22
1 5 8 10 15 18 19 20 23 26
1 3 7 9 10 12 17 20 23 26
1 3 8 10 12 17 19 20 23 26
4 6 8 11 17 18 19 20 21 24
1 5 9 10 12 13 17 19 20 23
3 7 8 11 13 14 15 18 24 25
5 7 8 11 13 17 18 20 23 25
3 7 8 10 13 14 17 18 21 24
1 3 7 9 10 13 14 17 18 23
5 7 8 10 12 13 17 20 21 24
4 8 10 15 18 19 20 23 25 26
1 3 7 8 11 12 13 14 17 24
1 3 9 10 13 14 17 18 19 22
5 8 10 13 14 17 18 19 21 22
1 3 7 8 11 13 14 15 18 23
4 8 10 15 18 19 20 21 23 26
5 6 8 11 15 18 19 20 21 23
1 3 9 10 12 13 14 17 19 24
1 4 8 10 14 17 18 19 23 26
1 3 8 10 12 13 17 19 20 23
3 8 11 15 18 19 20 21 23 26
3 8 10 15 18 19 20 21 24 26
1 4 9 10 13 14 17 18 19 22
1 5 8 11 17 18 19 20 23 26
1 3 7 8 10 12 13 17 20 24
3 7 9 10 13 14 17 18 21 22
1 5 8 10 17 18 19 20 24 26
1 4 6 7 9 10 14 17 18 22
2 3 8 10 17 18 19 20 23 26
1 3 9 10 14 17 18 19 23 26
3 8 11 15 18 19 20 21 23 26
2 3 8 10 12 13 15 19 20 24
1 3 8 10 12 13 17 19 20 23
5 8 10 12 13 17 19 20 21 24
5 7 8 10 12 17 20 24 25 26
1 3 7 9 10 14 15 18 23 26
3 7 8 10 17 18 20 21 23 26
1 3 8 10 14 15 18 19 23 26
1 3 9 10 13 14 17 18 19 22
1 3 9 10 14 15 18 19 24 26
1 3 9 10 13 14 17 18 19 23
3 8 11 13 15 18 19 20 24 25
3 8 10 12 17 19 20 21 23 26
5 9 10 13 17 18 19 20 21 23
3 7 9 10 13 14 17 18 21 24
3 6 8 10 15 18 19 20 21 22
3 8 10 13 14 17 18 19 23 25
3 8 11 13 15 18 19 20 21 22
5 8 10 12 13 15 19 20 21 23
1 5 9 10 13 14 17 18 19 22
2 5 8 10 15 18 20 23 26 27
2 5 8 10 12 15 19 20 24 26
3 7 8 10 12 15 20 21 23 26
5 9 10 17 18 19 20 21 23 26
3 8 10 13 17 18 19 20 21 23
2 5 8 10 15 18 19 20 23 26
1 5 9 10 13 14 17 18 19 22
1 3 7 8 10 13 14 17 18 22
4 8 10 15 18 19 20 21 24 26
1 3 7 9 11 14 17 18 24 26
1 4 8 10 12 15 19 20 24 26
2 5 8 10 13 17 18 19 20 23
3 7 8 10 12 13 14 16 21 24
1 3 9 11 12 13 14 17 19 22
3 8 11 12 15 19 20 23 25 26
4 8 10 13 15 18 19 20 23 25
1 3 7 9 10 12 13 14 17 23
1 5 8 10 13 14 17 18 19 24
1 3 8 10 15 18 19 20 23 26
1 3 9 10 14 15 18 19 23 26
5 7 8 10 13 17 18 20 21 24
1 4 6 7 8 10 12 14 17 22
1 5 8 10 12 17 19 20 23 26
1 4 9 10 13 14 17 18 19 22
3 8 10 17 18 19 20 21 23 26
2 3 8 10 15 18 19 20 23 26
3 7 9 11 13 14 17 18 21 24
3 8 10 15 18 19 20 21 23 26
1 3 8 10 12 13 17 19 20 23
1 3 6 7 8 10 12 14 17 22
3 8 10 12 17 19 20 21 24 26
1 3 9 10 14 17 18 19 24 26
1 3 7 8 10 14 17 18 23 26
3 7 8 10 12 17 20 21 23 26
4 8 10 13 14 17 18 19 21 22
1 3 9 10 13 14 17 18 19 22
1 4 8 10 13 14 17 18 19 24
2 5 8 10 15 18 19 20 23 26
1 3 8 10 14 17 18 19 23 26
4 8 10 17 18 19 20 21 23 26
5 8 11 17 18 19 20 21 24 26
2 3 7 8 10 12 15 20 23 26
3 7 9 11 13 17 18 20 21 23
1 3 9 10 13 14 17 18 19 24
3 7 8 10 14 17 18 21 23 26
1 3 8 10 15 18 19 20 24 26
3 8 10 12 15 19 20 21 23 26
1 5 9 10 13 14 17 18 19 22
2 3 8 10 13 14 17 18 19 24
2 3 8 10 15 18 19 20 23 26
2 5 6 8 10 14 15 18 19 23
4 8 11 15 18 19 20 21 23 26
2 3 8 10 15 18 19 20 23 26
2 3 8 10 12 13 17 19 20 24
1 4 8 10 13 17 18 19 20 23
1 3 7 9 10 13 14 17 18 24
5 6 7 8 11 17 18 20 22 25
1 3 7 9 10 13 14 17 18 24
1 5 7 9 10 13 14 17 18 22
3 6 8 10 15 18 19 20 21 22
2 5 8 10 12 15 19 20 24 26
2 5 8 10 15 18 19 20 23 26
1 3 6 7 8 10 12 14 17 22
1 3 9 10 12 15 19 20 23 26
1 3 7 8 10 13 14 17 18 24
1 5 6 9 11 14 17 18 19 22
1 4 8 10 13 17 18 19 20 23
2 3 8 10 12 13 17 19 20 24
3 9 11 13 14 17 18 19 21 23
2 3 8 10 15 18 19 20 23 26
4 8 11 15 18 19 20 21 23 26
4 8 10 15 18 19 20 21 24 26
2 5 6 8 10 14 15 18 19 23
1 5 8 10 17 18 19 20 24 26
3 8 10 12 17 19 20 21 23 26
2 3 8 10 15 18 19 20 23 26
5 7 9 10 13 17 18 20 24 25
3 8 11 12 15 19 20 23 25 26
2 3 8 10 13 14 17 18 19 24
5 8 10 14 15 18 19 21 22 26
1 5 9 10 13 14 17 18 19 22
5 8 10 12 13 17 19 20 21 24
3 8 10 12 15 19 20 21 23 26
5 6 7 8 10 12 17 20 22 25
1 3 8 10 15 18 19 20 24 26
1 4 9 10 13 14 17 18 19 24
5 7 8 10 12 17 20 24 25 26
1 5 9 11 14 17 18 19 24 26
3 7 8 10 14 17 18 21 23 26
1 5 8 10 13 15 18 19 20 23
5 9 10 15 18 19 20 21 23 26
1 5 8 10 15 18 19 20 23 26
1 4 9 10 13 14 17 18 19 22
1 3 9 10 13 14 17 18 19 23
1 3 9 10 13 14 17 18 19 24
3 7 9 11 13 17 18 20 21 23
1 5 7 8 10 12 13 14 17 23
4 9 10 15 18 19 20 24 25 26
2 3 7 8 10 12 15 20 23 26
5 8 11 17 18 19 20 21 24 26
1 3 7 8 10 12 14 15 23 26
5 8 10 13 14 15 18 19 21 22
4 8 10 17 18 19 20 21 23 26
1 3 8 10 13 14 17 18 19 22
3 7 8 11 12 17 20 21 23 26
4 6 8 11 17 18 19 20 21 24
2 4 8 10 12 15 19 20 23 26
1 4 7 8 10 17 18 20 23 26
1 3 8 10 14 17 18 19 23 26
2 5 8 10 15 18 19 20 23 26
1 3 9 10 14 17 18 19 24 26
1 3 9 10 13 14 17 18 19 22
5 8 10 13 14 15 18 19 21 23
1 4 8 10 14 17 18 19 23 26
3 6 8 10 17 18 19 20 21 23
5 9 10 17 18 19 20 24 25 26
1 3 9 10 12 13 14 17 19 24
4 6 9 10 12 17 19 20 21 24
1 5 9 10 13 14 17 18 19 22
3 8 11 12 15 19 20 21 23 26
1 4 8 10 13 14 17 18 19 24
1 3 9 10 13 14 17 18 19 22
4 8 10 13 14 17 18 19 21 22
5 8 10 15 18 19 20 21 24 26
1 3 6 9 10 14 17 18 19 22
5 8 10 13 14 17 18 19 21 22
3 7 8 10 12 17 20 21 23 26
1 3 7 8 11 13 14 15 18 23
1 3 7 9 10 13 14 16 18 24
1 3 7 8 10 14 17 18 23 26
1 4 8 10 14 15 18 19 23 26
3 7 8 10 12 17 20 21 23 26
1 3 9 10 13 14 17 18 19 22
3 8 10 12 17 19 20 21 24 26
2 3 8 10 13 15 18 19 20 23
1 3 9 10 14 17 18 19 23 26
1 5 9 10 13 17 18 19 20 22
1 3 8 10 12 13 17 19 20 23
3 8 10 15 18 19 20 21 23 26
3 7 9 11 13 14 17 18 21 24
2 3 8 10 15 18 19 20 23 26
5 8 10 15 18 19 20 21 23 26
3 8 10 17 18 19 20 21 23 26
5 8 10 12 17 19 20 21 23 26
1 5 8 10 12 17 19 20 23 26
3 8 10 12 17 19 20 21 23 26
1 3 7 8 10 13 17 18 20 23
1 4 6 7 8 10 12 14 17 22
5 7 8 10 13 17 18 20 21 24
4 8 10 12 13 15 19 20 21 23
3 7 8 10 12 15 20 21 23 26
1 3 9 10 14 15 18 19 23 26
1 5 9 10 13 14 17 18 19 24
1 3 8 10 12 13 14 17 19 22
2 5 8 10 17 18 19 20 23 26
1 5 8 10 15 18 19 20 23 26
1 3 8 10 15 18 19 20 23 26
4 8 10 15 18 19 20 23 25 26
1 3 8 10 12 17 19 20 23 26
3 7 8 11 12 17 20 21 23 26
4 8 10 13 14 17 18 19 21 24
2 3 8 10 17 18 19 20 23 26
1 4 9 10 14 15 18 19 23 26
5 8 10 13 14 17 18 19 21 23
1 3 7 9 10 13 14 17 18 22
1 5 8 10 13 14 17 18 19 24
1 3 7 9 10 12 13 14 17 23
1 3 9 11 13 14 17 18 19 24
4 8 10 13 15 18 19 20 23 25
1 3 9 11 12 13 14 17 19 22
3 7 8 10 12 13 14 16 21 24
2 5 8 10 13 17 18 19 20 23
5 8 11 15 18 19 20 21 23 26
1 4 8 10 12 15 19 20 24 26
1 3 7 9 11 14 17 18 24 26
1 3 7 8 10 13 14 17 18 22
1 3 9 11 14 17 18 19 23 26
1 3 7 8 10 12 13 14 17 22
5 9 10 13 17 18 19 20 21 24
1 5 6 9 10 14 17 18 19 22
3 7 8 11 13 14 15 18 24 25
2 5 8 10 12 13 15 19 20 23
1 3 6 9 11 12 14 17 19 22
1 5 9 10 13 14 17 18 19 22
2 5 8 10 15 18 19 20 23 26
1 5 7 8 10 12 15 20 23 26
3 8 10 13 17 18 19 20 21 23
5 9 10 17 18 19 20 21 23 26
2 5 8 10 15 18 20 23 26 27
1 3 9 10 15 18 19 20 23 26
5 8 10 12 13 15 19 20 21 23
2 3 8 10 12 13 15 19 20 24
1 4 6 7 9 10 14 17 18 22
2 3 7 8 10 13 14 17 18 24
1 4 9 10 13 14 17 18 19 24
3 8 11 13 15 18 19 20 21 22
2 5 9 10 15 18 19 20 23 26
3 8 10 13 14 17 18 19 23 25
2 5 8 11 15 18 19 20 23 26
3 7 9 10 13 14 17 18 21 24
5 9 10 13 17 18 19 20 21 23
3 8 10 14 17 18 19 21 23 26
1 3 8 11 13 14 17 18 19 23
3 8 10 15 18 19 20 21 23 26
2 3 8 10 15 18 19 20 23 26
3 8 10 12 17 19 20 21 23 26
3 8 11 13 15 18 19 20 24 25
1 3 8 10 12 13 17 19 20 23
3 7 8 10 12 13 17 20 21 24
1 3 9 10 13 14 17 18 19 23
1 3 6 7 9 10 14 16 18 22
1 3 7 8 10 13 14 17 18 22
1 3 9 10 14 15 18 19 24 26
1 3 8 10 14 15 18 19 23 26
1 3 8 10 13 14 15 18 19 24
3 7 8 10 17 18 20 21 23 26
2 4 8 11 17 18 19 20 23 26
1 3 7 9 10 14 15 18 23 26
5 8 10 12 13 17 19 20 21 24
1 3 8 10 12 13 17 19 20 23
3 8 11 15 18 19 20 21 23 26
1 5 9 10 15 18 19 20 23 26
5 8 10 15 18 19 20 21 23 26
2 3 9 11 12 17 19 20 23 26
1 3 9 10 14 17 18 19 23 26
2 4 8 10 12 13 17 19 20 23
3 7 9 10 13 14 17 18 21 22
1 5 9 10 17 18 19 20 23 26
1 3 9 10 12 13 14 17 19 23
1 3 7 8 10 12 13 17 20 24
1 5 7 8 10 13 14 17 18 24
1 3 9 10 13 14 16 18 19 24
1 5 8 11 17 18 19 20 23 26
1 4 9 10 13 14 17 18 19 22
3 8 10 15 18 19 20 21 24 26
3 8 11 15 18 19 20 21 23 26
1 3 8 10 13 14 15 18 19 23
1 3 9 10 12 13 14 17 19 24
3 8 10 15 18 19 20 23 25 26
3 6 8 10 17 18 19 20 22 25
1 3 8 10 12 14 15 19 23 26
2 4 7 8 10 12 15 20 23 26
5 6 8 11 15 18 19 20 21 23
2 3 7 9 10 13 14 17 18 23
2 3 8 10 14 15 18 19 23 26
3 7 8 10 13 14 17 18 21 24
4 8 10 15 18 19 20 21 23 26
1 3 9 10 13 14 17 18 19 22
1 3 9 11 13 14 17 18 19 23
1 3 7 8 11 12 13 14 17 24
5 7 8 10 12 13 17 20 21 24
1 3 7 9 10 13 14 17 18 23
5 7 8 11 13 17 18 20 23 25
1 5 9 10 12 13 17 19 20 23
2 3 8 10 12 15 19 20 24 26
3 8 10 14 17 18 19 23 25 26
1 3 8 10 12 17 19 20 23 26
1 3 7 9 10 12 17 20 23 26
4 8 11 15 18 19 20 21 23 26
3 7 8 10 12 17 20 21 23 26
1 5 8 10 15 18 19 20 23 26
1 3 9 10 13 14 17 18 19 23
1 3 9 10 13 14 17 18 19 22
1 4 9 10 13 14 17 18 19 23
2 3 8 10 17 18 19 20 23 26
1 3 7 9 10 12 13 14 17 24
5 8 10 12 15 19 20 21 23 26
5 9 10 13 14 15 18 19 22 25
5 8 10 13 15 18 19 20 21 24
1 5 7 9 11 12 13 14 15 23
1 5 8 10 14 17 18 19 23 26
4 8 10 13 15 18 19 20 24 25
2 5 8 10 12 15 19 20 23 26
1 3 9 10 12 13 17 19 20 23
1 3 7 8 10 12 13 17 20 24
1 3 8 10 15 18 19 20 23 26
3 9 10 12 15 19 20 21 23 26
3 8 10 12 15 19 20 21 23 26
4 8 10 12 15 19 20 21 23 26
1 3 9 10 13 14 16 18 19 24
1 3 7 9 10 12 13 14 15 24
2 5 8 10 12 15 19 20 23 26
1 5 8 10 17 18 19 20 23 26
3 7 8 10 12 15 20 21 23 26
1 5 9 10 13 14 17 18 19 23
1 5 7 9 10 14 17 18 23 26
4 8 10 12 13 15 19 20 21 23
1 3 9 10 12 13 14 17 19 22
4 8 10 14 17 18 19 21 23 26
2 3 7 9 10 12 17 20 23 26
5 8 10 12 15 19 20 21 23 26
1 3 9 10 13 14 17 18 19 22
1 3 6 9 11 14 17 18 19 24
1 3 8 10 14 17 18 19 23 26
2 3 8 10 12 13 15 19 20 23
2 3 8 10 15 18 19 20 23 26
2 5 8 10 17 18 19 20 23 26
2 3 8 10 12 15 19 20 23 26
1 3 8 10 12 15 19 20 23 26
5 7 8 10 13 14 17 18 22 25
4 8 11 12 16 19 20 21 23 26
1 5 7 8 10 13 14 16 18 23
1 5 8 10 14 17 18 19 23 26
1 3 9 10 13 14 17 18 19 23
1 5 8 10 14 15 18 19 23 26
2 5 7 8 11 17 18 20 23 26
1 5 9 10 13 17 18 19 20 24
1 5 8 10 13 14 17 18 19 24
1 3 7 9 10 13 17 18 20 23
3 8 10 12 17 19 20 21 23 26
1 3 8 10 13 15 18 19 20 24
5 8 10 12 13 15 19 20 21 23
1 5 7 8 10 12 17 20 23 26
4 7 8 10 12 13 17 20 21 24
2 3 7 8 10 17 18 20 23 26
2 3 8 10 14 17 18 19 23 26
3 8 10 12 13 17 19 20 21 23
2 3 8 11 12 14 17 19 23 26
5 8 10 12 15 19 20 23 25 26
5 8 10 15 18 19 20 21 23 26
1 4 7 9 10 13 14 17 18 22
1 3 9 10 13 14 17 18 19 24
1 5 9 11 13 14 17 18 19 23
5 8 11 13 14 17 18 19 21 22
1 5 8 10 14 15 18 19 23 26
4 8 10 17 18 19 20 21 23 26
1 5 7 9 10 14 17 18 24 26
1 5 7 8 10 17 18 20 22 26
1 3 9 10 13 14 17 18 19 24
1 4 7 8 10 12 13 17 20 24
5 8 10 14 15 18 19 23 25 26
5 7 8 10 13 17 18 20 23 25
3 7 8 10 12 13 17 20 21 23
5 8 10 12 13 17 19 20 21 23
2 5 8 10 14 15 18 19 23 26
1 4 8 10 12 13 17 19 20 23
1 3 9 10 13 14 17 18 19 22
3 8 10 15 18 19 20 21 23 26
1 5 9 10 12 13 14 17 19 24
2 4 8 10 15 18 19 20 23 26
1 5 7 8 10 14 15 18 23 26
1 3 6 8 10 14 17 18 19 22
1 5 9 11 12 13 14 17 19 22
2 5 8 10 13 17 18 19 20 23
2 5 8 10 15 18 19 20 23 26
2 5 6 8 10 15 18 19 20 23
5 7 8 10 13 14 17 18 21 23
2 3 8 10 12 15 19 20 24 26
1 4 6 9 10 14 17 18 19 22
1 4 7 9 10 14 17 18 22 26
1 4 7 9 10 12 13 14 17 23
2 4 8 10 15 18 19 20 23 26
1 4 8 11 13 14 16 18 19 23
1 3 9 10 12 13 14 17 19 23
3 8 10 13 14 17 18 19 24 25
1 4 7 8 11 13 14 17 18 22
1 4 9 10 13 14 17 18 19 24
2 5 8 10 12 13 14 15 19 23
4 8 10 15 18 19 20 21 23 26